charset, Shift_JIS

descript
{
	Version,1
	collision-sort,descend
}

--------------------------------------------------------------------------

sakura.cursor
{
	
}

surface11111,11112,11113,11114,11115,11116,11117,11118,11119,11121,11122,11123,11124,11125,11126,11127,11128,11129,11211,11212,11213,11214,11215,11216,11217,11218,11219,11221,11222,11223,11224,11225,11226,11227,11228,11229,11311,11312,11313,11314,11315,11316,11317,11318,11319,11321,11322,11323,11324,11325,11326,11327,11328,11329,11411,11412,11413,11414,11415,11416,11417,11418,11419,11421,11422,11423,11424,11425,11426,11427,11428,11429,12111,12112,12113,12114,12115,12116,12117,12118,12119,12121,12122,12123,12124,12125,12126,12127,12128,12129,12211,12212,12213,12214,12215,12216,12217,12218,12219,12221,12222,12223,12224,12225,12226,12227,12228,12229,12311,12312,12313,12314,12315,12316,12317,12318,12319,12321,12322,12323,12324,12325,12326,12327,12328,12329,12411,12412,12413,12414,12415,12416,12417,12418,12419,12421,12422,12423,12424,12425,12426,12427,12428,12429,13111,13112,13113,13114,13115,13116,13117,13118,13119,13121,13122,13123,13124,13125,13126,13127,13128,13129,13211,13212,13213,13214,13215,13216,13217,13218,13219,13221,13222,13223,13224,13225,13226,13227,13228,13229,13311,13312,13313,13314,13315,13316,13317,13318,13319,13321,13322,13323,13324,13325,13326,13327,13328,13329,13411,13412,13413,13414,13415,13416,13417,13418,13419,13421,13422,13423,13424,13425,13426,13427,13428,13429
{
	//通常顔
}

surface21111,21112,21113,21114,21115,21116,21117,21118,21119,21121,21122,21123,21124,21125,21126,21127,21128,21129,21211,21212,21213,21214,21215,21216,21217,21218,21219,21221,21222,21223,21224,21225,21226,21227,21228,21229,21311,21312,21313,21314,21315,21316,21317,21318,21319,21321,21322,21323,21324,21325,21326,21327,21328,21329,21411,21412,21413,21414,21415,21416,21417,21418,21419,21421,21422,21423,21424,21425,21426,21427,21428,21429,22111,22112,22113,22114,22115,22116,22117,22118,22119,22121,22122,22123,22124,22125,22126,22127,22128,22129,22211,22212,22213,22214,22215,22216,22217,22218,22219,22221,22222,22223,22224,22225,22226,22227,22228,22229,22311,22312,22313,22314,22315,22316,22317,22318,22319,22321,22322,22323,22324,22325,22326,22327,22328,22329,22411,22412,22413,22414,22415,22416,22417,22418,22419,22421,22422,22423,22424,22425,22426,22427,22428,22429,23111,23112,23113,23114,23115,23116,23117,23118,23119,23121,23122,23123,23124,23125,23126,23127,23128,23129,23211,23212,23213,23214,23215,23216,23217,23218,23219,23221,23222,23223,23224,23225,23226,23227,23228,23229,23311,23312,23313,23314,23315,23316,23317,23318,23319,23321,23322,23323,23324,23325,23326,23327,23328,23329,23411,23412,23413,23414,23415,23416,23417,23418,23419,23421,23422,23423,23424,23425,23426,23427,23428,23429
{
	//照れ顔
	animation600.interval,runonce
	animation600.pattern0,overlay,101,0,0,0
}

surface11111,11112,11113,11114,11115,11116,11117,11118,11119,11121,11122,11123,11124,11125,11126,11127,11128,11129,11211,11212,11213,11214,11215,11216,11217,11218,11219,11221,11222,11223,11224,11225,11226,11227,11228,11229,11311,11312,11313,11314,11315,11316,11317,11318,11319,11321,11322,11323,11324,11325,11326,11327,11328,11329,11411,11412,11413,11414,11415,11416,11417,11418,11419,11421,11422,11423,11424,11425,11426,11427,11428,11429,21111,21112,21113,21114,21115,21116,21117,21118,21119,21121,21122,21123,21124,21125,21126,21127,21128,21129,21211,21212,21213,21214,21215,21216,21217,21218,21219,21221,21222,21223,21224,21225,21226,21227,21228,21229,21311,21312,21313,21314,21315,21316,21317,21318,21319,21321,21322,21323,21324,21325,21326,21327,21328,21329,21411,21412,21413,21414,21415,21416,21417,21418,21419,21421,21422,21423,21424,21425,21426,21427,21428,21429
{
	//通常眉
	animation500.interval,runonce
	animation500.pattern0,overlay,408,0,0,0
}

surface12111,12112,12113,12114,12115,12116,12117,12118,12119,12121,12122,12123,12124,12125,12126,12127,12128,12129,12211,12212,12213,12214,12215,12216,12217,12218,12219,12221,12222,12223,12224,12225,12226,12227,12228,12229,12311,12312,12313,12314,12315,12316,12317,12318,12319,12321,12322,12323,12324,12325,12326,12327,12328,12329,12411,12412,12413,12414,12415,12416,12417,12418,12419,12421,12422,12423,12424,12425,12426,12427,12428,12429,22111,22112,22113,22114,22115,22116,22117,22118,22119,22121,22122,22123,22124,22125,22126,22127,22128,22129,22211,22212,22213,22214,22215,22216,22217,22218,22219,22221,22222,22223,22224,22225,22226,22227,22228,22229,22311,22312,22313,22314,22315,22316,22317,22318,22319,22321,22322,22323,22324,22325,22326,22327,22328,22329,22411,22412,22413,22414,22415,22416,22417,22418,22419,22421,22422,22423,22424,22425,22426,22427,22428,22429
{
	//困り眉
	animation500.interval,runonce
	animation500.pattern0,overlay,404,0,0,0
}

surface13111,13112,13113,13114,13115,13116,13117,13118,13119,13121,13122,13123,13124,13125,13126,13127,13128,13129,13211,13212,13213,13214,13215,13216,13217,13218,13219,13221,13222,13223,13224,13225,13226,13227,13228,13229,13311,13312,13313,13314,13315,13316,13317,13318,13319,13321,13322,13323,13324,13325,13326,13327,13328,13329,13411,13412,13413,13414,13415,13416,13417,13418,13419,13421,13422,13423,13424,13425,13426,13427,13428,13429,23111,23112,23113,23114,23115,23116,23117,23118,23119,23121,23122,23123,23124,23125,23126,23127,23128,23129,23211,23212,23213,23214,23215,23216,23217,23218,23219,23221,23222,23223,23224,23225,23226,23227,23228,23229,23311,23312,23313,23314,23315,23316,23317,23318,23319,23321,23322,23323,23324,23325,23326,23327,23328,23329,23411,23412,23413,23414,23415,23416,23417,23418,23419,23421,23422,23423,23424,23425,23426,23427,23428,23429
{
	//怒り眉
	animation500.interval,runonce
	animation500.pattern0,overlay,400,0,0,0
}

surface11111,11112,11113,11114,11115,11116,11117,11118,11119,11121,11122,11123,11124,11125,11126,11127,11128,11129,12111,12112,12113,12114,12115,12116,12117,12118,12119,12121,12122,12123,12124,12125,12126,12127,12128,12129,13111,13112,13113,13114,13115,13116,13117,13118,13119,13121,13122,13123,13124,13125,13126,13127,13128,13129,21111,21112,21113,21114,21115,21116,21117,21118,21119,21121,21122,21123,21124,21125,21126,21127,21128,21129,22111,22112,22113,22114,22115,22116,22117,22118,22119,22121,22122,22123,22124,22125,22126,22127,22128,22129,23111,23112,23113,23114,23115,23116,23117,23118,23119,23121,23122,23123,23124,23125,23126,23127,23128,23129
{
	//後ろ手
	animation151.interval,runonce
	animation151.pattern0,overlay,610,0,0,0
}

surface11211,11212,11213,11214,11215,11216,11217,11218,11219,11221,11222,11223,11224,11225,11226,11227,11228,11229,12211,12212,12213,12214,12215,12216,12217,12218,12219,12221,12222,12223,12224,12225,12226,12227,12228,12229,13211,13212,13213,13214,13215,13216,13217,13218,13219,13221,13222,13223,13224,13225,13226,13227,13228,13229,21211,21212,21213,21214,21215,21216,21217,21218,21219,21221,21222,21223,21224,21225,21226,21227,21228,21229,22211,22212,22213,22214,22215,22216,22217,22218,22219,22221,22222,22223,22224,22225,22226,22227,22228,22229,23211,23212,23213,23214,23215,23216,23217,23218,23219,23221,23222,23223,23224,23225,23226,23227,23228,23229
{
	//胸に手
	animation4000.interval,runonce
	animation4000.pattern0,overlay,614,0,0,0

	animation99999.interval,runonce
	animation99999.pattern0,overlay,624,0,0,0
}

surface11311,11312,11313,11314,11315,11316,11317,11318,11319,11321,11322,11323,11324,11325,11326,11327,11328,11329,12311,12312,12313,12314,12315,12316,12317,12318,12319,12321,12322,12323,12324,12325,12326,12327,12328,12329,13311,13312,13313,13314,13315,13316,13317,13318,13319,13321,13322,13323,13324,13325,13326,13327,13328,13329,21311,21312,21313,21314,21315,21316,21317,21318,21319,21321,21322,21323,21324,21325,21326,21327,21328,21329,22311,22312,22313,22314,22315,22316,22317,22318,22319,22321,22322,22323,22324,22325,22326,22327,22328,22329,23311,23312,23313,23314,23315,23316,23317,23318,23319,23321,23322,23323,23324,23325,23326,23327,23328,23329
{
	//考える手
	animation5000.interval,runonce
	animation5000.pattern0,overlay,618,0,0,0

	animation99999.interval,runonce
	animation99999.pattern0,overlay,628,0,0,0
	
	collisionex12,hand,polygon,271,281,258,294,253,325,256,335,269,331,284,316,284,308
	collisionex13,hand,polygon,247,417,238,400,214,404,213,412,215,423,223,433,244,433
}

surface11411,11412,11413,11414,11415,11416,11417,11418,11419,11421,11422,11423,11424,11425,11426,11427,11428,11429,12411,12412,12413,12414,12415,12416,12417,12418,12419,12421,12422,12423,12424,12425,12426,12427,12428,12429,13411,13412,13413,13414,13415,13416,13417,13418,13419,13421,13422,13423,13424,13425,13426,13427,13428,13429,21411,21412,21413,21414,21415,21416,21417,21418,21419,21421,21422,21423,21424,21425,21426,21427,21428,21429,22411,22412,22413,22414,22415,22416,22417,22418,22419,22421,22422,22423,22424,22425,22426,22427,22428,22429,23411,23412,23413,23414,23415,23416,23417,23418,23419,23421,23422,23423,23424,23425,23426,23427,23428,23429
{
	//前手
	animation5000.interval,runonce
	animation5000.pattern0,overlay,619,0,0,0
	
	animation99999.interval,runonce
	animation99999.pattern0,overlay,629,0,0,0
	
	collisionex12,hand,polygon,288,423,330,410,336,414,341,422,328,446,317,436,288,442
	collisionex13,hand,polygon,282,501,262,536,261,550,285,556,299,549,294,521,295,512
}

surface11111,11112,11113,11114,11115,11116,11117,11118,11119,11211,11212,11213,11214,11215,11216,11217,11218,11219,11311,11312,11313,11314,11315,11316,11317,11318,11319,11411,11412,11413,11414,11415,11416,11417,11418,11419,12111,12112,12113,12114,12115,12116,12117,12118,12119,12211,12212,12213,12214,12215,12216,12217,12218,12219,12311,12312,12313,12314,12315,12316,12317,12318,12319,12411,12412,12413,12414,12415,12416,12417,12418,12419,13111,13112,13113,13114,13115,13116,13117,13118,13119,13211,13212,13213,13214,13215,13216,13217,13218,13219,13311,13312,13313,13314,13315,13316,13317,13318,13319,13411,13412,13413,13414,13415,13416,13417,13418,13419,21111,21112,21113,21114,21115,21116,21117,21118,21119,21211,21212,21213,21214,21215,21216,21217,21218,21219,21311,21312,21313,21314,21315,21316,21317,21318,21319,21411,21412,21413,21414,21415,21416,21417,21418,21419,22111,22112,22113,22114,22115,22116,22117,22118,22119,22211,22212,22213,22214,22215,22216,22217,22218,22219,22311,22312,22313,22314,22315,22316,22317,22318,22319,22411,22412,22413,22414,22415,22416,22417,22418,22419,23111,23112,23113,23114,23115,23116,23117,23118,23119,23211,23212,23213,23214,23215,23216,23217,23218,23219,23311,23312,23313,23314,23315,23316,23317,23318,23319,23411,23412,23413,23414,23415,23416,23417,23418,23419
{
	//通常口
	animation399.interval,runonce
	animation399.pattern0,overlay,350,0,0,0

	animation401.interval,talk
	animation401.pattern0,stop,399
	animation401.pattern1,overlay,304,0,0,0
	animation401.pattern2,overlay,350,100,0,0
	animation401.pattern3,overlay,304,100,0,0
	animation401.pattern4,overlay,351,100,0,0
	animation401.pattern5,overlay,350,100,0,0
	animation401.pattern6,overlay,362,80,0,0
	animation401.pattern7,overlay,304,80,0,0
	animation401.pattern8,overlay,-1,80,0,0
	animation401.pattern9,start,399
}

surface11121,11122,11123,11124,11125,11126,11127,11128,11129,11221,11222,11223,11224,11225,11226,11227,11228,11229,11321,11322,11323,11324,11325,11326,11327,11328,11329,11421,11422,11423,11424,11425,11426,11427,11428,11429,12121,12122,12123,12124,12125,12126,12127,12128,12129,12221,12222,12223,12224,12225,12226,12227,12228,12229,12321,12322,12323,12324,12325,12326,12327,12328,12329,12421,12422,12423,12424,12425,12426,12427,12428,12429,13121,13122,13123,13124,13125,13126,13127,13128,13129,13221,13222,13223,13224,13225,13226,13227,13228,13229,13321,13322,13323,13324,13325,13326,13327,13328,13329,13421,13422,13423,13424,13425,13426,13427,13428,13429,21121,21122,21123,21124,21125,21126,21127,21128,21129,21221,21222,21223,21224,21225,21226,21227,21228,21229,21321,21322,21323,21324,21325,21326,21327,21328,21329,21421,21422,21423,21424,21425,21426,21427,21428,21429,22121,22122,22123,22124,22125,22126,22127,22128,22129,22221,22222,22223,22224,22225,22226,22227,22228,22229,22321,22322,22323,22324,22325,22326,22327,22328,22329,22421,22422,22423,22424,22425,22426,22427,22428,22429,23121,23122,23123,23124,23125,23126,23127,23128,23129,23221,23222,23223,23224,23225,23226,23227,23228,23229,23321,23322,23323,23324,23325,23326,23327,23328,23329,23421,23422,23423,23424,23425,23426,23427,23428,23429
{
	//笑い口
	animation399.interval,runonce
	animation399.pattern0,overlay,322,0,0,0

	animation401.interval,talk
	animation401.pattern0,stop,399
	animation401.pattern1,overlay,303,0,0,0
	animation401.pattern2,overlay,322,100,0,0
	animation401.pattern3,overlay,303,100,0,0
	animation401.pattern4,overlay,361,100,0,0
	animation401.pattern5,overlay,322,100,0,0
	animation401.pattern6,overlay,362,80,0,0
	animation401.pattern7,overlay,303,80,0,0
	animation401.pattern8,overlay,-1,80,0,0
	animation401.pattern9,start,399
}

surface11111,11121,11211,11221,11311,11321,11411,11421,12111,12121,12211,12221,12311,12321,12411,12421,13111,13121,13211,13221,13311,13321,13411,13421,21111,21121,21211,21221,21311,21321,21411,21421,22111,22121,22211,22221,22311,22321,22411,22421,23111,23121,23211,23221,23311,23321,23411,23421
{
	//こっち目
	animation300.interval,runonce+rarely
	animation300.pattern0,overlay,202,0,0,0
	animation300.pattern1,overlay,208,500,0,0
	animation300.pattern2,overlay,212,100,0,0
	animation300.pattern3,overlay,208,100,0,0
	animation300.pattern4,overlay,202,100,0,0
}

surface11112,11122,11212,11222,11312,11322,11412,11422,12112,12122,12212,12222,12312,12322,12412,12422,13112,13122,13212,13222,13312,13322,13412,13422,21112,21122,21212,21222,21312,21322,21412,21422,22112,22122,22212,22222,22312,22322,22412,22422,23112,23122,23212,23222,23312,23322,23412,23422
{
	//上の空目
	animation300.interval,runonce+rarely
	animation300.pattern0,overlay,206,0,0,0
	animation300.pattern1,overlay,211,500,0,0
	animation300.pattern2,overlay,212,100,0,0
	animation300.pattern3,overlay,211,100,0,0
	animation300.pattern4,overlay,206,100,0,0
}

surface11113,11123,11213,11223,11313,11323,11413,11423,12113,12123,12213,12223,12313,12323,12413,12423,13113,13123,13213,13223,13313,13323,13413,13423,21113,21123,21213,21223,21313,21323,21413,21423,22113,22123,22213,22223,22313,22323,22413,22423,23113,23123,23213,23223,23313,23323,23413,23423
{
	//あっち目
	animation300.interval,runonce+rarely
	animation300.pattern0,overlay,205,0,0,0
	animation300.pattern1,overlay,210,500,0,0
	animation300.pattern2,overlay,212,100,0,0
	animation300.pattern3,overlay,210,100,0,0
	animation300.pattern4,overlay,205,100,0,0
}

surface11114,11124,11214,11224,11314,11324,11414,11424,12114,12124,12214,12224,12314,12324,12414,12424,13114,13124,13214,13224,13314,13324,13414,13424,21114,21124,21214,21224,21314,21324,21414,21424,22114,22124,22214,22224,22314,22324,22414,22424,23114,23124,23214,23224,23314,23324,23414,23424
{
	//こっち半目
	animation300.interval,runonce
	animation300.pattern0,overlay,208,0,0,0
}

surface11115,11125,11215,11225,11315,11325,11415,11425,12115,12125,12215,12225,12315,12325,12415,12425,13115,13125,13215,13225,13315,13325,13415,13425,21115,21125,21215,21225,21315,21325,21415,21425,22115,22125,22215,22225,22315,22325,22415,22425,23115,23125,23215,23225,23315,23325,23415,23425
{
	//上の空半目
	animation300.interval,runonce
	animation300.pattern0,overlay,211,0,0,0
}

surface11116,11126,11216,11226,11316,11326,11416,11426,12116,12126,12216,12226,12316,12326,12416,12426,13116,13126,13216,13226,13316,13326,13416,13426,21116,21126,21216,21226,21316,21326,21416,21426,22116,22126,22216,22226,22316,22326,22416,22426,23116,23126,23216,23226,23316,23326,23416,23426
{
	//あっち半目
	animation300.interval,runonce
	animation300.pattern0,overlay,210,0,0,0
}

surface11117,11127,11217,11227,11317,11327,11417,11427,12117,12127,12217,12227,12317,12327,12417,12427,13117,13127,13217,13227,13317,13327,13417,13427,21117,21127,21217,21227,21317,21327,21417,21427,22117,22127,22217,22227,22317,22327,22417,22427,23117,23127,23217,23227,23317,23327,23417,23427
{
	//にこ目
	animation300.interval,runonce
	animation300.pattern0,overlay,215,0,0,0
}

surface11118,11128,11218,11228,11318,11328,11418,11428,12118,12128,12218,12228,12318,12328,12418,12428,13118,13128,13218,13228,13318,13328,13418,13428,21118,21128,21218,21228,21318,21328,21418,21428,22118,22128,22218,22228,22318,22328,22418,22428,23118,23128,23218,23228,23318,23328,23418,23428
{
	//見下ろし目
	animation300.interval,runonce
	animation300.pattern0,overlay,207,0,0,0
}

surface11119,11129,11219,11229,11319,11329,11419,11429,12119,12129,12219,12229,12319,12329,12419,12429,13119,13129,13219,13229,13319,13329,13419,13429,21119,21129,21219,21229,21319,21329,21419,21429,22119,22129,22219,22229,22319,22329,22419,22429,23119,23129,23219,23229,23319,23329,23419,23429
{
	//閉じ目
	animation300.interval,runonce
	animation300.pattern0,overlay,212,0,0,0
}

surface10000
{
	//無
	element0,overlay,surface10000.png,0,0
}


surface.append11111-99999
{
	collisionex10,shoulder,polygon,205,319,206,309,214,301,229,299,251,293,248,312
	collisionex11,shoulder,polygon,292,293,309,299,332,302,339,315,301,315
	collisionex7,mouse,ellipse,260,259,283,268
	collisionex8,head,polygon,292,134,319,151,340,176,339,192,292,190,240,192,201,187,213,158,230,140,259,127
	collisionex6,face,polygon,270,285,239,267,227,246,220,214,222,189,227,173,315,170,320,189,321,210,315,245,305,268
	//collision1,152,114,384,326,hair
	
	//後髪
	animation100.interval,bind
	animation100.pattern0,overlay,1100,0,0,0
	animation101.interval,bind
	animation101.pattern0,overlay,1101,0,0,0
	animation102.interval,bind
	animation102.pattern0,overlay,1102,0,0,0
	animation103.interval,bind
	animation103.pattern0,overlay,1103,0,0,0	
	animation104.interval,bind
	animation104.pattern0,overlay,1104,0,0,0
	animation106.interval,bind
	animation106.pattern0,overlay,1106,0,0,0
	animation107.interval,bind
	animation107.pattern0,overlay,1107,0,0,0
	
	//素体
	animation150.interval,runonce
	animation150.pattern0,overlay,1000,0,0,0

	//後ろ手151
	
	//頭
	animation200.interval,runonce
	animation200.pattern0,overlay,1001,0,0,0
	
	//目300
	
	//口400,401
	
	//眉500
	
	//照れ顔600
	
	//靴下
	animation1380.interval,bind
	animation1380.pattern0,overlay,1380,0,0,0
	animation1381.interval,bind
	animation1381.pattern0,overlay,1381,0,0,0
	animation1382.interval,bind
	animation1382.pattern0,overlay,1382,0,0,0
	animation1383.interval,bind
	animation1383.pattern0,overlay,1383,0,0,0
	animation1384.interval,bind
	animation1384.pattern0,overlay,1384,0,0,0
	animation1385.interval,bind
	animation1385.pattern0,overlay,1385,0,0,0
	animation1386.interval,bind
	animation1386.pattern0,overlay,1386,0,0,0
	animation1387.interval,bind
	animation1387.pattern0,overlay,1387,0,0,0
	animation1388.interval,bind
	animation1388.pattern0,overlay,1388,0,0,0
	animation1390.interval,bind
	animation1390.pattern0,overlay,1390,0,0,0
	animation1391.interval,bind
	animation1391.pattern0,overlay,1391,0,0,0
	
	//トップス
	animation2360.interval,bind
	animation2360.pattern0,overlay,1360,0,0,0
	animation2361.interval,bind
	animation2361.pattern0,overlay,1361,0,0,0
	animation2362.interval,bind
	animation2362.pattern0,overlay,1362,0,0,0
	animation2363.interval,bind
	animation2363.pattern0,overlay,1363,0,0,0
	animation2364.interval,bind
	animation2364.pattern0,overlay,1364,0,0,0
	animation2365.interval,bind
	animation2365.pattern0,overlay,1365,0,0,0
	animation2366.interval,bind
	animation2366.pattern0,overlay,1366,0,0,0
	
	//トップス+
	animation3300.interval,bind
	animation3300.pattern0,overlay,1300,0,0,0
	animation3301.interval,bind
	animation3301.pattern0,overlay,1309,0,0,0
	animation3302.interval,bind
	animation3302.pattern0,overlay,1302,0,0,0
	animation3303.interval,bind
	animation3303.pattern0,overlay,1303,0,0,0
	animation3304.interval,bind
	animation3304.pattern0,overlay,1304,0,0,0
	animation3305.interval,bind
	animation3305.pattern0,overlay,1305,0,0,0
	animation3306.interval,bind
	animation3306.pattern0,overlay,1306,0,0,0
	animation3307.interval,bind
	animation3307.pattern0,overlay,1308,0,0,0
	animation3308.interval,bind
	animation3308.pattern0,overlay,1307,0,0,0
	animation3309.interval,bind
	animation3309.pattern0,overlay,1301,0,0,0
	animation3321.interval,bind
	animation3321.pattern0,overlay,1321,0,0,0
	
	//手back4000

	//袖
	animation7310.interval,bind
	animation7310.pattern0,overlay,1310,0,0,0
	animation7311.interval,bind
	animation7311.pattern0,overlay,1311,0,0,0
	animation7312.interval,bind
	animation7312.pattern0,overlay,1312,0,0,0
	animation7314.interval,bind
	animation7314.pattern0,overlay,1314,0,0,0
	
	//未亡人髪表
	animation5900.interval,bind
	animation5900.pattern0,overlay,1105,0,0,0

	//前髪
	animation6700.interval,bind
	animation6700.pattern0,overlay,700,0,0,0
	animation6701.interval,bind
	animation6701.pattern0,overlay,701,0,0,0
	animation6702.interval,bind
	animation6702.pattern0,overlay,702,0,0,0
	animation6703.interval,bind
	animation6703.pattern0,overlay,703,0,0,0

	//ボトムス
	animation4370.interval,bind
	animation4370.pattern0,overlay,1370,0,0,0
	animation4371.interval,bind
	animation4371.pattern0,overlay,1371,0,0,0
	animation4372.interval,bind
	animation4372.pattern0,overlay,1372,0,0,0
	animation4373.interval,bind
	animation4373.pattern0,overlay,1373,0,0,0
	animation4374.interval,bind
	animation4374.pattern0,overlay,1374,0,0,0
	animation4375.interval,bind
	animation4375.pattern0,overlay,1375,0,0,0
	animation4376.interval,bind
	animation4376.pattern0,overlay,1376,0,0,0
	animation4377.interval,bind
	animation4377.pattern0,overlay,1377,0,0,0

	//靴
	animation8351.interval,bind
	animation8351.pattern0,overlay,1351,0,0,0
	animation8352.interval,bind
	animation8352.pattern0,overlay,1352,0,0,0
	animation8353.interval,bind
	animation8353.pattern0,overlay,1353,0,0,0
	animation8354.interval,bind
	animation8354.pattern0,overlay,1354,0,0,0
	animation8356.interval,bind
	animation8356.pattern0,overlay,1356,0,0,0
	animation8357.interval,bind
	animation8357.pattern0,overlay,1357,0,0,0
	animation8358.interval,bind
	animation8358.pattern0,overlay,1358,0,0,0
	animation8359.interval,bind
	animation8359.pattern0,overlay,1359,0,0,0

	//アクセサリ
	animation9392.interval,bind
	animation9392.pattern0,overlay,1392,0,0,0
	animation9393.interval,bind
	animation9393.pattern0,overlay,1393,0,0,0
	animation9394.interval,bind
	animation9394.pattern0,overlay,1394,0,0,0
	animation9395.interval,bind
	animation9395.pattern0,overlay,1395,0,0,0
	animation9396.interval,bind
	animation9396.pattern0,overlay,1396,0,0,0
	animation80.interval,bind
	animation80.pattern0,overlay,1397,0,0,0
	animation9398.interval,bind
	animation9398.pattern0,overlay,1398,0,0,0

	//手animation99999

}

sakura.bindoption.group,後髪,mustselect
sakura.bindgroup100.name,後髪,くせ毛
sakura.bindgroup101.name,後髪,ゆるおさげ
sakura.bindgroup102.name,後髪,お嬢様
sakura.bindgroup103.name,後髪,シニョン
sakura.bindgroup104.name,後髪,未亡人
sakura.bindgroup104.addid,5900＃未亡人表
sakura.bindgroup104.name,後髪,ロング
sakura.bindgroup100.default,1

sakura.bindoption.group,靴下
sakura.bindgroup1380.name,靴下,デフォルト
sakura.bindgroup1381.name,靴下,デフォルト
sakura.bindgroup1382.name,靴下,デフォルト
sakura.bindgroup1383.name,靴下,デフォルト
sakura.bindgroup1384.name,靴下,デフォルト
sakura.bindgroup1385.name,靴下,デフォルト
sakura.bindgroup1386.name,靴下,デフォルト
sakura.bindgroup1387.name,靴下,デフォルト
sakura.bindgroup1388.name,靴下,デフォルト
sakura.bindgroup1390.name,靴下,デフォルト
sakura.bindgroup1391.name,靴下,デフォルト
sakura.bindgroup1380.default,1

sakura.bindoption.group,トップス
sakura.bindgroup2360.name,トップス,デフォルト
sakura.bindgroup2361.name,トップス,デフォルト
sakura.bindgroup2362.name,トップス,デフォルト
sakura.bindgroup2363.name,トップス,デフォルト
sakura.bindgroup2364.name,トップス,デフォルト
sakura.bindgroup2360.default,1

sakura.bindoption.group,襟,multiple
sakura.bindgroup3300.name,襟,デフォルト
sakura.bindgroup3301.name,襟,デフォルト
sakura.bindgroup3302.name,襟,デフォルト
sakura.bindgroup3303.name,襟,デフォルト
sakura.bindgroup3304.name,襟,デフォルト
sakura.bindgroup3305.name,襟,デフォルト
sakura.bindgroup3306.name,襟,デフォルト
sakura.bindgroup3300.default,1

sakura.bindoption.group,袖
sakura.bindgroup5310.name,袖,デフォルト
sakura.bindgroup5314.name,袖,デフォルト
sakura.bindgroup5310.default,1

sakura.bindoption.group,前髪,mustselect
sakura.bindgroup6700.name,前髪,ふんわり
sakura.bindgroup6701.name,前髪,長
sakura.bindgroup6702.name,前髪,ぱっつん
sakura.bindgroup6700.default,1

sakura.bindoption.group,ボトムス
sakura.bindgroup7370.name,ボトムス,デフォルト
sakura.bindgroup7371.name,ボトムス,デフォルト
sakura.bindgroup7372.name,ボトムス,デフォルト
sakura.bindgroup7373.name,ボトムス,デフォルト
sakura.bindgroup7374.name,ボトムス,デフォルト
sakura.bindgroup7375.name,ボトムス,デフォルト
sakura.bindgroup7376.name,ボトムス,デフォルト
sakura.bindgroup7377.name,ボトムス,デフォルト
sakura.bindgroup7370.default,1

sakura.bindoption.group,靴
sakura.bindgroup8351.name,靴,デフォルト
sakura.bindgroup8352.name,靴,デフォルト
sakura.bindgroup8353.name,靴,デフォルト
sakura.bindgroup8354.name,靴,デフォルト
sakura.bindgroup8356.name,靴,デフォルト
sakura.bindgroup8357.name,靴,デフォルト
sakura.bindgroup8358.name,靴,デフォルト
sakura.bindgroup8359.name,靴,デフォルト
sakura.bindgroup8351.default,1

sakura.bindoption.group,アクセサリ
sakura.bindgroup9392.name,アクセサリ,デフォルト
sakura.bindgroup9393.name,アクセサリ,デフォルト
sakura.bindgroup9394.name,アクセサリ,デフォルト
sakura.bindgroup9395.name,アクセサリ,デフォルト
sakura.bindgroup9396.name,アクセサリ,デフォルト
sakura.bindgroup9397.name,アクセサリ,デフォルト
sakura.bindgroup9398.name,アクセサリ,デフォルト
